-2.259994 0.100000
-2.292949 0.200000
-2.323656 0.300000
-2.352364 0.400000
-2.379321 0.500000
-2.404729 0.600000
-2.428800 0.700000
-2.451660 0.800000
-2.473443 0.900000
-2.494260 1.000000
-2.514201 1.100000
-2.533342 1.200000
-2.551752 1.300000
-2.569489 1.400000
-2.586588 1.500000
-2.603117 1.600000
-2.619112 1.700000
-2.634587 1.800000
-2.649607 1.900000
-2.664161 2.000000
-2.678308 2.100000
-2.692049 2.200000
-2.705408 2.300000
-2.718413 2.400000
-2.731066 2.500000
-2.743378 2.600000
-2.755372 2.700000
-2.767056 2.800000
-2.778436 2.900000
-2.789517 3.000000
-2.800300 3.100000
-2.810788 3.200000
-2.820984 3.300000
-2.830885 3.400000
-2.840730 3.500000
-2.837152 3.500000
-2.800000 3.482507
-2.700000 3.433237
-2.631950 3.400000
-2.600000 3.384484
-2.500000 3.336235
-2.424240 3.300000
-2.400000 3.288471
-2.300000 3.241170
-2.212209 3.200000
-2.200000 3.194306
-2.100000 3.147844
-2.000000 3.101756
-1.996185 3.100000
-1.900000 3.056008
-1.800000 3.010560
-1.776684 3.000000
-1.700000 2.965381
-1.600000 2.920427
-1.554420 2.900000
-1.500000 2.875665
-1.400000 2.831051
-1.330253 2.800000
-1.300000 2.786547
-1.200000 2.742109
-1.105193 2.700000
-1.100000 2.697697
-1.000000 2.653266
-0.900000 2.608772
-0.880312 2.600000
-0.800000 2.564169
-0.768305 2.550000
-0.700000 2.519408
-0.656779 2.500000
-0.600000 2.474442
-0.545881 2.450000
-0.500000 2.429216
-0.435760 2.400000
-0.400000 2.383678
-0.300000 2.337767
-0.218430 2.300000
-0.200000 2.291424
-0.100000 2.244581
-0.005943 2.200000
0.000000 2.197166
0.100000 2.149100
0.200000 2.100297
0.200602 2.100000
0.300000 2.050656
0.400000 2.000067
0.400131 2.000000
0.500000 1.948401
0.591609 1.900000
0.600000 1.895510
0.700000 1.841222
0.774039 1.800000
0.800000 1.785319
0.900000 1.727542
0.946403 1.700000
1.000000 1.667539
1.100000 1.604838
1.107517 1.600000
1.200000 1.538785
1.255992 1.500000
1.300000 1.468445
1.390472 1.400000
1.400000 1.392465
1.500000 1.308736
1.509797 1.300000
1.600000 1.213561
1.613029 1.200000
1.699756 1.100000
1.700000 1.099690
1.770952 1.000000
1.800000 0.952792
1.829762 0.900000
1.880518 0.800000
1.900000 0.758891
1.927099 0.700000
1.972032 0.600000
2.000000 0.537149
2.016473 0.500000
2.060639 0.400000
2.100000 0.309614
2.104125 0.300000
2.146328 0.200000
2.186617 0.100000
2.200000 0.065479
2.217171 0.020000
2.220884 0.010000
