2.220884 0.01 1
2.217171 0.02 1
2.2 0.065479 1
2.186617 0.1 1
2.146328 0.2 1
2.104125 0.3 1
2.1 0.309614 1
2.060639 0.4 1
2.016473 0.5 1
2 0.537149 1
1.972032 0.6 1
1.927099 0.7 1
1.9 0.758891 1
1.880518 0.8 1
1.829762 0.9 1
1.8 0.952792 1
1.770952 1 1
1.7 1.09969 1
1.699756 1.1 1
1.613029 1.2 1
1.6 1.213561 1
1.509797 1.3 1
1.5 1.308736 1
1.4 1.392465 1
1.390472 1.4 1
1.3 1.468445 1
1.255992 1.5 1
1.2 1.538785 1
1.107517 1.6 1
1.1 1.604838 1
1 1.667539 1
0.946403 1.7 1
0.9 1.727542 1
0.8 1.785319 1
0.774039 1.8 1
0.7 1.841222 1
0.6 1.89551 1
0.591609 1.9 1
0.5 1.948401 1
0.400131 2 1
0.4 2.000067 1
0.3 2.050656 1
0.200602 2.1 1
0.2 2.100297 1
0.1 2.1491 1
0 2.197166 1
-0.005943 2.2 1
-0.1 2.244581 1
-0.2 2.291424 1
-0.21843 2.3 1
-0.3 2.337767 1
-0.4 2.383678 1
-0.43576 2.4 1
-0.5 2.429216 1
-0.545881 2.45 1
-0.6 2.474442 1
-0.656779 2.5 1
-0.7 2.519408 1
-0.768305 2.55 1
-0.8 2.564169 1
-0.880312 2.6 1
-0.9 2.608772 1
-1 2.653266 1
-1.1 2.697697 1
-1.105193 2.7 1
-1.2 2.742109 1
-1.3 2.786547 1
-1.330253 2.8 1
-1.4 2.831051 1
-1.5 2.875665 1
-1.55442 2.9 1
-1.6 2.920427 1
-1.7 2.965381 1
-1.776684 3 1
-1.8 3.01056 1
-1.9 3.056008 1
-1.996185 3.1 1
-2 3.101756 1
-2.1 3.147844 1
-2.2 3.194306 1
-2.212209 3.2 1
-2.3 3.24117 1
-2.4 3.288471 1
-2.42424 3.3 1
-2.5 3.336235 1
-2.6 3.384484 1
-2.63195 3.4 1
-2.7 3.433237 1
-2.8 3.482507 1
-2.837152 3.5 1
-2.84073 3.5 1
-2.830885 3.4 1
-2.820984 3.3 1
-2.810788 3.2 1
-2.8003 3.1 1
-2.789517 3 1
-2.778436 2.9 1
-2.767056 2.8 1
-2.755372 2.7 1
-2.743378 2.6 1
-2.731066 2.5 1
-2.718413 2.4 1
-2.705408 2.3 1
-2.692049 2.2 1
-2.678308 2.1 1
-2.664161 2 1
-2.649607 1.9 1
-2.634587 1.8 1
-2.619112 1.7 1
-2.603117 1.6 1
-2.586588 1.5 1
-2.569489 1.4 1
-2.551752 1.3 1
-2.533342 1.2 1
-2.514201 1.1 1
-2.49426 1 1
-2.473443 0.9 1
-2.45166 0.8 1
-2.4288 0.7 1
-2.404729 0.6 1
-2.379321 0.5 1
-2.352364 0.4 1
-2.323656 0.3 1
-2.292949 0.2 1
-2.259994 0.1 1
-2.220884 -0.01 1
-2.217171 -0.02 1
-2.2 -0.065479 1
-2.186617 -0.1 1
-2.146328 -0.2 1
-2.104125 -0.3 1
-2.1 -0.309614 1
-2.060639 -0.4 1
-2.016473 -0.5 1
-2 -0.537149 1
-1.972032 -0.6 1
-1.927099 -0.7 1
-1.9 -0.758891 1
-1.880518 -0.8 1
-1.829762 -0.9 1
-1.8 -0.952792 1
-1.770952 -1 1
-1.7 -1.09969 1
-1.699756 -1.1 1
-1.613029 -1.2 1
-1.6 -1.213561 1
-1.509797 -1.3 1
-1.5 -1.308736 1
-1.4 -1.392465 1
-1.390472 -1.4 1
-1.3 -1.468445 1
-1.255992 -1.5 1
-1.2 -1.538785 1
-1.107517 -1.6 1
-1.1 -1.604838 1
-1 -1.667539 1
-0.946403 -1.7 1
-0.9 -1.727542 1
-0.8 -1.785319 1
-0.774039 -1.8 1
-0.7 -1.841222 1
-0.6 -1.89551 1
-0.591609 -1.9 1
-0.5 -1.948401 1
-0.400131 -2 1
-0.4 -2.000067 1
-0.3 -2.050656 1
-0.200602 -2.1 1
-0.2 -2.100297 1
-0.1 -2.1491 1
0 -2.197166 1
0.005943 -2.2 1
0.1 -2.244581 1
0.2 -2.291424 1
0.21843 -2.3 1
0.3 -2.337767 1
0.4 -2.383678 1
0.43576 -2.4 1
0.5 -2.429216 1
0.545881 -2.45 1
0.6 -2.474442 1
0.656779 -2.5 1
0.7 -2.519408 1
0.768305 -2.55 1
0.8 -2.564169 1
0.880312 -2.6 1
0.9 -2.608772 1
1 -2.653266 1
1.1 -2.697697 1
1.105193 -2.7 1
1.2 -2.742109 1
1.3 -2.786547 1
1.330253 -2.8 1
1.4 -2.831051 1
1.5 -2.875665 1
1.55442 -2.9 1
1.6 -2.920427 1
1.7 -2.965381 1
1.776684 -3 1
1.8 -3.01056 1
1.9 -3.056008 1
1.996185 -3.1 1
2 -3.101756 1
2.1 -3.147844 1
2.2 -3.194306 1
2.212209 -3.2 1
2.3 -3.24117 1
2.4 -3.288471 1
2.42424 -3.3 1
2.5 -3.336235 1
2.6 -3.384484 1
2.63195 -3.4 1
2.7 -3.433237 1
2.8 -3.482507 1
2.837152 -3.5 1
2.84073 -3.5 1
2.830885 -3.4 1
2.820984 -3.3 1
2.810788 -3.2 1
2.8003 -3.1 1
2.789517 -3 1
2.778436 -2.9 1
2.767056 -2.8 1
2.755372 -2.7 1
2.743378 -2.6 1
2.731066 -2.5 1
2.718413 -2.4 1
2.705408 -2.3 1
2.692049 -2.2 1
2.678308 -2.1 1
2.664161 -2 1
2.649607 -1.9 1
2.634587 -1.8 1
2.619112 -1.7 1
2.603117 -1.6 1
2.586588 -1.5 1
2.569489 -1.4 1
2.551752 -1.3 1
2.533342 -1.2 1
2.514201 -1.1 1
2.49426 -1 1
2.473443 -0.9 1
2.45166 -0.8 1
2.4288 -0.7 1
2.404729 -0.6 1
2.379321 -0.5 1
2.352364 -0.4 1
2.323656 -0.3 1
2.292949 -0.2 1
2.259994 -0.1 1
2.220884 0.01 1
