0 0
0 0 
0.000729205 0 
0.00145841 0 
0.00218761 0 
0.00291682 0 
0.00364603 0 
0.00437523 0 
0.00510444 0 
0.00510444 2920 
0.00583364 2920 
0.00583364 7490 
0.00656285 7490 
0.00656285 3820 
0.00729205 3820 
0.00729205 2993 
0.00802125 2993 
0.00802125 2415 
0.00875046 2415 
0.00875046 2196 
0.00947966 2196 
0.00947966 1947 
0.0102089 1947 
0.0102089 1711 
0.0109381 1711 
0.0109381 1567 
0.0116673 1567 
0.0116673 1453 
0.0123965 1453 
0.0123965 1289 
0.0131257 1289 
0.0131257 1320 
0.0138549 1320 
0.0138549 1208 
0.0145841 1208 
0.0145841 1091 
0.0153133 1091 
0.0153133 974 
0.0160425 974 
0.0160425 989 
0.0167717 989 
0.0167717 863 
0.0175009 863 
0.0175009 877 
0.0182301 877 
0.0182301 801 
0.0189593 801 
0.0189593 721 
0.0196885 721 
0.0196885 698 
0.0204177 698 
0.0204177 706 
0.0211469 706 
0.0211469 663 
0.0218762 663 
0.0218762 589 
0.0226054 589 
0.0226054 616 
0.0233346 616 
0.0233346 611 
0.0240638 611 
0.0240638 573 
0.024793 573 
0.024793 628 
0.0255222 628 
0.0255222 543 
0.0262514 543 
0.0262514 531 
0.0269806 531 
0.0269806 622 
0.0277098 622 
0.0277098 657 
0.028439 657 
0.028439 606 
0.0291682 606 
0.0291682 764 
0.0298974 764 
0.0298974 831 
0.0306266 831 
0.0306266 829 
0.0313558 829 
0.0313558 956 
0.032085 956 
0.032085 1000 
0.0328142 1000 
0.0328142 1002 
0.0335434 1002 
0.0335434 1163 
0.0342726 1163 
0.0342726 1324 
0.0350018 1324 
0.0350018 1417 
0.035731 1417 
0.035731 1560 
0.0364602 1560 
0.0364602 1646 
0.0371895 1646 
0.0371895 1776 
0.0379187 1776 
0.0379187 1874 
0.0386479 1874 
0.0386479 1871 
0.0393771 1871 
0.0393771 1858 
0.0401063 1858 
0.0401063 1841 
0.0408355 1841 
0.0408355 1818 
0.0415647 1818 
0.0415647 1763 
0.0422939 1763 
0.0422939 1783 
0.0430231 1783 
0.0430231 1730 
0.0437523 1730 
0.0437523 1711 
0.0444815 1711 
0.0444815 1540 
0.0452107 1540 
0.0452107 1498 
0.0459399 1498 
0.0459399 1362 
0.0466691 1362 
0.0466691 1305 
0.0473983 1305 
0.0473983 1289 
0.0481275 1289 
0.0481275 1216 
0.0488567 1216 
0.0488567 1149 
0.0495859 1149 
0.0495859 1000 
0.0503151 1000 
0.0503151 1022 
0.0510444 1022 
0.0510444 917 
0.0517736 917 
0.0517736 893 
0.0525028 893 
0.0525028 794 
0.053232 794 
0.053232 770 
0.0539612 770 
0.0539612 759 
0.0546904 759 
0.0546904 631 
0.0554196 631 
0.0554196 614 
0.0561488 614 
0.0561488 576 
0.056878 576 
0.056878 577 
0.0576072 577 
0.0576072 530 
0.0583364 530 
0.0583364 464 
0.0590656 464 
0.0590656 449 
0.0597948 449 
0.0597948 393 
0.060524 393 
0.060524 341 
0.0612532 341 
0.0612532 329 
0.0619824 329 
0.0619824 344 
0.0627116 344 
0.0627116 273 
0.0634408 273 
0.06417 273 
0.06417 247 
0.0648992 247 
0.0648992 199 
0.0656285 199 
0.0656285 214 
0.0663577 214 
0.0663577 187 
0.0670869 187 
0.0670869 144 
0.0678161 144 
0.0678161 124 
0.0685453 124 
0.0685453 100 
0.0692745 100 
0.0692745 82 
0.0700037 82 
0.0700037 73 
0.0707329 73 
0.0707329 58 
0.0714621 58 
0.0714621 41 
0.0721913 41 
0.0721913 18 
0.0729205 18 
0.0729205 0 
0.0729205 0
