0 0
0 0 
0.000729205 0 
0.00145841 0 
0.00218761 0 
0.00291682 0 
0.00364603 0 
0.00437523 0 
0.00510444 0 
0.00510444 2072 
0.00583364 2072 
0.00583364 5600 
0.00656285 5600 
0.00656285 2916 
0.00729205 2916 
0.00729205 2396 
0.00802125 2396 
0.00802125 2020 
0.00875046 2020 
0.00875046 1848 
0.00947966 1848 
0.00947966 1720 
0.0102089 1720 
0.0102089 1651 
0.0109381 1651 
0.0109381 1509 
0.0116673 1509 
0.0116673 1448 
0.0123965 1448 
0.0123965 1356 
0.0131257 1356 
0.0131257 1310 
0.0138549 1310 
0.0138549 1224 
0.0145841 1224 
0.0145841 1171 
0.0153133 1171 
0.0153133 1158 
0.0160425 1158 
0.0160425 1053 
0.0167717 1053 
0.0167717 1010 
0.0175009 1010 
0.0175009 898 
0.0182301 898 
0.0182301 882 
0.0189593 882 
0.0189593 822 
0.0196885 822 
0.0196885 828 
0.0204177 828 
0.0204177 778 
0.0211469 778 
0.0211469 762 
0.0218762 762 
0.0218762 732 
0.0226054 732 
0.0226054 722 
0.0233346 722 
0.0233346 735 
0.0240638 735 
0.0240638 706 
0.024793 706 
0.024793 843 
0.0255222 843 
0.0255222 767 
0.0262514 767 
0.0262514 739 
0.0269806 739 
0.0269806 904 
0.0277098 904 
0.0277098 921 
0.028439 921 
0.028439 888 
0.0291682 888 
0.0291682 1162 
0.0298974 1162 
0.0298974 1169 
0.0306266 1169 
0.0306266 1287 
0.0313558 1287 
0.0313558 1450 
0.032085 1450 
0.032085 1683 
0.0328142 1683 
0.0328142 1747 
0.0335434 1747 
0.0335434 2084 
0.0342726 2084 
0.0342726 2247 
0.0350018 2247 
0.0350018 2398 
0.035731 2398 
0.035731 2644 
0.0364602 2644 
0.0364602 2854 
0.0371895 2854 
0.0371895 3003 
0.0379187 3003 
0.0379187 2893 
0.0386479 2893 
0.0386479 2913 
0.0393771 2913 
0.0393771 2662 
0.0401063 2662 
0.0401063 2506 
0.0408355 2506 
0.0408355 2411 
0.0415647 2411 
0.0415647 2125 
0.0422939 2125 
0.0422939 1935 
0.0430231 1935 
0.0430231 1638 
0.0437523 1638 
0.0437523 1632 
0.0444815 1632 
0.0444815 1320 
0.0452107 1320 
0.0452107 1241 
0.0459399 1241 
0.0459399 1090 
0.0466691 1090 
0.0466691 880 
0.0473983 880 
0.0473983 804 
0.0481275 804 
0.0481275 748 
0.0488567 748 
0.0488567 640 
0.0495859 640 
0.0495859 567 
0.0503151 567 
0.0503151 535 
0.0510444 535 
0.0510444 434 
0.0517736 434 
0.0517736 380 
0.0525028 380 
0.0525028 344 
0.053232 344 
0.053232 281 
0.0539612 281 
0.0539612 246 
0.0546904 246 
0.0546904 231 
0.0554196 231 
0.0554196 201 
0.0561488 201 
0.0561488 173 
0.056878 173 
0.056878 155 
0.0576072 155 
0.0576072 139 
0.0583364 139 
0.0583364 134 
0.0590656 134 
0.0590656 91 
0.0597948 91 
0.0597948 92 
0.060524 92 
0.060524 69 
0.0612532 69 
0.0612532 68 
0.0619824 68 
0.0619824 51 
0.0627116 51 
0.0627116 65 
0.0634408 65 
0.0634408 48 
0.06417 48 
0.06417 25 
0.0648992 25 
0.0648992 28 
0.0656285 28 
0.0656285 25 
0.0663577 25 
0.0663577 19 
0.0670869 19 
0.0670869 13 
0.0678161 13 
0.0678161 18 
0.0685453 18 
0.0685453 6 
0.0692745 6 
0.0692745 1 
0.0700037 1 
0.0700037 2 
0.0707329 2 
0.0714621 2 
0.0721913 2 
0.0721913 0 
0.0729205 0 
0.0729205 0
