0 0
0 0 
0.000729205 0 
0.00145841 0 
0.00218761 0 
0.00291682 0 
0.00364603 0 
0.00437523 0 
0.00510444 0 
0.00510444 2158 
0.00583364 2158 
0.00583364 5832 
0.00656285 5832 
0.00656285 3083 
0.00729205 3083 
0.00729205 2383 
0.00802125 2383 
0.00802125 2067 
0.00875046 2067 
0.00875046 1945 
0.00947966 1945 
0.00947966 1676 
0.0102089 1676 
0.0102089 1702 
0.0109381 1702 
0.0109381 1512 
0.0116673 1512 
0.0116673 1407 
0.0123965 1407 
0.0123965 1368 
0.0131257 1368 
0.0131257 1255 
0.0138549 1255 
0.0138549 1148 
0.0145841 1148 
0.0145841 1133 
0.0153133 1133 
0.0153133 1039 
0.0160425 1039 
0.0160425 1049 
0.0167717 1049 
0.0167717 980 
0.0175009 980 
0.0175009 909 
0.0182301 909 
0.0182301 874 
0.0189593 874 
0.0189593 818 
0.0196885 818 
0.0196885 800 
0.0204177 800 
0.0204177 804 
0.0211469 804 
0.0211469 807 
0.0218762 807 
0.0218762 678 
0.0226054 678 
0.0226054 763 
0.0233346 763 
0.0233346 733 
0.0240638 733 
0.0240638 705 
0.024793 705 
0.024793 766 
0.0255222 766 
0.0255222 781 
0.0262514 781 
0.0262514 717 
0.0269806 717 
0.0269806 898 
0.0277098 898 
0.0277098 845 
0.028439 845 
0.028439 874 
0.0291682 874 
0.0291682 1107 
0.0298974 1107 
0.0298974 1062 
0.0306266 1062 
0.0306266 1252 
0.0313558 1252 
0.0313558 1367 
0.032085 1367 
0.032085 1585 
0.0328142 1585 
0.0328142 1691 
0.0335434 1691 
0.0335434 1991 
0.0342726 1991 
0.0342726 2189 
0.0350018 2189 
0.0350018 2386 
0.035731 2386 
0.035731 2581 
0.0364602 2581 
0.0364602 2783 
0.0371895 2783 
0.0371895 2863 
0.0379187 2863 
0.0379187 2801 
0.0386479 2801 
0.0386479 2814 
0.0393771 2814 
0.0393771 2772 
0.0401063 2772 
0.0401063 2534 
0.0408355 2534 
0.0408355 2250 
0.0415647 2250 
0.0415647 2125 
0.0422939 2125 
0.0422939 1878 
0.0430231 1878 
0.0430231 1673 
0.0437523 1673 
0.0437523 1524 
0.0444815 1524 
0.0444815 1405 
0.0452107 1405 
0.0452107 1249 
0.0459399 1249 
0.0459399 1041 
0.0466691 1041 
0.0466691 1013 
0.0473983 1013 
0.0473983 881 
0.0481275 881 
0.0481275 775 
0.0488567 775 
0.0488567 680 
0.0495859 680 
0.0495859 586 
0.0503151 586 
0.0503151 541 
0.0510444 541 
0.0510444 443 
0.0517736 443 
0.0517736 446 
0.0525028 446 
0.0525028 387 
0.053232 387 
0.053232 350 
0.0539612 350 
0.0539612 301 
0.0546904 301 
0.0546904 269 
0.0554196 269 
0.0554196 266 
0.0561488 266 
0.0561488 227 
0.056878 227 
0.056878 205 
0.0576072 205 
0.0576072 172 
0.0583364 172 
0.0583364 129 
0.0590656 129 
0.0590656 124 
0.0597948 124 
0.0597948 112 
0.060524 112 
0.060524 115 
0.0612532 115 
0.0612532 99 
0.0619824 99 
0.0619824 76 
0.0627116 76 
0.0627116 59 
0.0634408 59 
0.0634408 53 
0.06417 53 
0.06417 46 
0.0648992 46 
0.0648992 38 
0.0656285 38 
0.0656285 46 
0.0663577 46 
0.0663577 31 
0.0670869 31 
0.0670869 17 
0.0678161 17 
0.0678161 26 
0.0685453 26 
0.0685453 16 
0.0692745 16 
0.0692745 15 
0.0700037 15 
0.0700037 9 
0.0707329 9 
0.0707329 7 
0.0714621 7 
0.0714621 5 
0.0721913 5 
0.0721913 3 
0.0729205 3 
0.0729205 0 
0.0729205 0
