0 0
0 0 
0.000729205 0 
0.00145841 0 
0.00218761 0 
0.00291682 0 
0.00364603 0 
0.00437523 0 
0.00510444 0 
0.00510444 2102 
0.00583364 2102 
0.00583364 5471 
0.00656285 5471 
0.00656285 2989 
0.00729205 2989 
0.00729205 2344 
0.00802125 2344 
0.00802125 2112 
0.00875046 2112 
0.00875046 1781 
0.00947966 1781 
0.00947966 1647 
0.0102089 1647 
0.0102089 1539 
0.0109381 1539 
0.0109381 1454 
0.0116673 1454 
0.0116673 1434 
0.0123965 1434 
0.0123965 1335 
0.0131257 1335 
0.0131257 1173 
0.0138549 1173 
0.0138549 1203 
0.0145841 1203 
0.0145841 1144 
0.0153133 1144 
0.0153133 1070 
0.0160425 1070 
0.0160425 1039 
0.0167717 1039 
0.0167717 1010 
0.0175009 1010 
0.0175009 880 
0.0182301 880 
0.0182301 942 
0.0189593 942 
0.0189593 839 
0.0196885 839 
0.0196885 870 
0.0204177 870 
0.0204177 782 
0.0211469 782 
0.0211469 746 
0.0218762 746 
0.0218762 728 
0.0226054 728 
0.0226054 735 
0.0233346 735 
0.0233346 779 
0.0240638 779 
0.0240638 745 
0.024793 745 
0.024793 808 
0.0255222 808 
0.0255222 801 
0.0262514 801 
0.0262514 747 
0.0269806 747 
0.0269806 975 
0.0277098 975 
0.0277098 915 
0.028439 915 
0.028439 901 
0.0291682 901 
0.0291682 1216 
0.0298974 1216 
0.0298974 1151 
0.0306266 1151 
0.0306266 1368 
0.0313558 1368 
0.0313558 1512 
0.032085 1512 
0.032085 1626 
0.0328142 1626 
0.0328142 1774 
0.0335434 1774 
0.0335434 1992 
0.0342726 1992 
0.0342726 2387 
0.0350018 2387 
0.0350018 2454 
0.035731 2454 
0.035731 2678 
0.0364602 2678 
0.0364602 2900 
0.0371895 2900 
0.0371895 2886 
0.0379187 2886 
0.0379187 2931 
0.0386479 2931 
0.0386479 2751 
0.0393771 2751 
0.0393771 2908 
0.0401063 2908 
0.0401063 2550 
0.0408355 2550 
0.0408355 2464 
0.0415647 2464 
0.0415647 2142 
0.0422939 2142 
0.0422939 1959 
0.0430231 1959 
0.0430231 1735 
0.0437523 1735 
0.0437523 1466 
0.0444815 1466 
0.0444815 1353 
0.0452107 1353 
0.0452107 1249 
0.0459399 1249 
0.0459399 1107 
0.0466691 1107 
0.0466691 926 
0.0473983 926 
0.0473983 808 
0.0481275 808 
0.0481275 707 
0.0488567 707 
0.0488567 634 
0.0495859 634 
0.0495859 609 
0.0503151 609 
0.0503151 496 
0.0510444 496 
0.0510444 426 
0.0517736 426 
0.0517736 399 
0.0525028 399 
0.0525028 315 
0.053232 315 
0.053232 312 
0.0539612 312 
0.0539612 239 
0.0546904 239 
0.0546904 230 
0.0554196 230 
0.0554196 205 
0.0561488 205 
0.0561488 176 
0.056878 176 
0.056878 158 
0.0576072 158 
0.0576072 120 
0.0583364 120 
0.0583364 118 
0.0590656 118 
0.0590656 89 
0.0597948 89 
0.0597948 82 
0.060524 82 
0.060524 73 
0.0612532 73 
0.0612532 52 
0.0619824 52 
0.0619824 45 
0.0627116 45 
0.0627116 41 
0.0634408 41 
0.0634408 19 
0.06417 19 
0.06417 28 
0.0648992 28 
0.0648992 29 
0.0656285 29 
0.0656285 16 
0.0663577 16 
0.0663577 20 
0.0670869 20 
0.0670869 9 
0.0678161 9 
0.0678161 7 
0.0685453 7 
0.0685453 4 
0.0692745 4 
0.0700037 4 
0.0707329 4 
0.0707329 1 
0.0714621 1 
0.0714621 0 
0.0721913 0 
0.0729205 0 
0.0729205 0
